87.0
90.0
80.0
83.0
78.0
80.0
73.0
74.0
80.0
60.0
62.0
77.0
74.0
82.0
65.0
68.0
70.0
83.0
67.0
68.0
80.0
82.0
77.0
69.0
73.0
77.0
76.0
78.0
81.0
74.0
76.0
80.0
73.0
75.0
93.0
80.0
83.0
68.0
75.0
81.0
76.0
73.0
76.0
77.0
60.0
68.0
65.0
11.0
23.0
11.0
44.0
55.0
56.0
75.0
48.0
20.0
64.0
69.0
59.0
20.0
44.0
20.0
66.0
20.0
59.0
15.0
11.0
60.0
47.0
15.0
63.0
58.0
65.0
16.0
11.0
62.0
49.0
43.0
25.0
52.0
24.0
44.0
16.0
11.0
56.0
38.0
18.0
29.0
66.0
62.0
23.0
26.0
16.0
24.0
49.0
33.0
27.0
66.0
48.0
71.0
