47735.2
13150.0
28776.4
30747.5
11951.8
13646.0
13878.1
14884.0
12692.6
8411.2
8352.8
20213.2
16914.7
29702.9
11686.3
21042.5
23128.7
45824.9
29673.6
30806.5
33297.6
34956.3
11874.1
51179.3
16387.5
27971.5
12458.2
40415.0
13713.0
18690.9
14957.7
31817.7
6283.3
7667.6
25648.4
11067.1
21036.4
7671.4
17385.8
14110.5
10652.7
16629.9
15464.5
16753.5
7458.4
23277.8
11017.9
3847.0
5593.9
6926.6
5642.9
6720.8
11038.4
11281.6
5875.8
3312.8
9152.6
6073.4
13620.3
18092.7
8132.1
7834.4
5897.0
2938.9
4180.6
2930.8
7158.6
13827.1
4774.8
2727.3
5660.7
5500.1
10334.8
5500.6
9506.9
10442.0
10678.9
9423.8
4937.6
8116.5
4072.0
5368.7
4029.3
5257.0
5988.8
4801.3
6756.4
5090.3
9960.4
8836.7
4342.2
10104.3
5823.5
5195.0
10122.0
7500.1
9683.9
9104.4
6199.8
9275.1
